00000000888888888888888800000000
00008888880000000000008888880000
00888800000000000000000000888800
88880000000000000000000000008888
88880000000000000000000000008888
88880000000000000000000000008888
88880000000000000000000000008888
88880000000000000000000000008888
88880000000000000000000000008888
88880000000000000000000000008888
88880000000000000000000000008888
88880000000000000000000000008888
88880000000000000000000000008888
88880000000000000000000000008888
88880000000000000000000000008888
88880000000000000000000000008888
