00000000000000000000000000000000
00000000000000000000000000000000
00000000000000000000000000000000
00000000000000000000000000000000
00000000000000000000000000000000
00000000000000000000000000000000
00000000000000000000000000000000
00000000000000000000000000000000
00000000000000000000000000000000
00000000000000000000000000000000
00000000000000000000000000000000
00000000000000000000000000000000
00000099990000000000009999000000
000099HHHH990000000099HHHH990000
0099HHHHHHHH99000099HHHHHHHH9900
99HHHHHHHHHHHH9999HHHHHHHHHHHH99
